00000000101000000000001010010011
00000000010100000000001100010011
00000000001000000000100100010011
00000000000000000000000000010011
00000000000000000000000000010011
00000000000000000000000000010011
00000000011000101000001110110011
00000000000000000000000000010011
00000000000000000000000000010011
00000000000000000000000000010011
01000000011000111000010000110011
00000000011000101111010010110011
00000000000000000000000000010011
00000000000000000000000000010011
00000000000000000000000000010011
00000000010101001110010100110011
00000000000000000000000000010011
00000000000000000000000000010011
00000000000000000000000000010011
00000000011001010100010110110011
00000001001000101001011000110011
00000000000000000000000000010011
00000000000000000000000000010011
