00000000001100000000010000010011
00000000010100000000010010010011
00000000001000000000100100010011
00000000000100000000100110010011
00000000000000000000000000010011
00000000100101000000001010110011
00000000000000000000000000010011
00000000000000000000000000010011
00000001001110010000001100110011
00000000000000000000000000010011
00000000000000000000000000010011
00000000000000000000000000010011
01000000011000101000101000110011
00000000000100000000001010010011
00000000000000000000100110010011
00000000010000000000001100010011
00000000000000000000000000010011
00000000000000000000000000010011
00000000000000000000000000010011
00000010011000101101100001100011
00000000000000000000000000010011
00000000000000000000000000010011
00000000000000000000000000010011
00000000010100101010000000100011
00000000010110011000100110110011
00000000000000000000000000010011
00000000000100101000001010010011
00000000000000000000000000010011
00000000000000000000000000010011
11111101100111111111000001101111
00000000000000000000000000010011
